AE 460 Experimental Design Lab


Data Point, Corr Factor, Length Scale, AmbPress, AmbTemp, Density, Viscosity, Motor Speed, Angle of Attack, Corrected q, Avg Velocity, Reynolds number, Axial Force,Normal Force, Pitching Mom
#, ND, [in], [psia], [R], [slug/ft3], [slug/ft s], [RPM], [deg], [dpsi], [ft/s], ND, [Lbf], [Lbf], [in-Lbf]

1.00000000000,0.91162000000,1.55556000000,14.30228800000,530.37000000000,0.00226293342,0.00000038023,891.00000000000,0.00959700210,0.02909407839,60.85029220581,46944.92187500000,0.00861451139,-0.18701422734,-0.76141783988
2.00000000000,0.91162000000,1.55556000000,14.30228800000,530.37000000000,0.00226293342,0.00000038023,891.00000000000,2.04193927663,0.02824378478,59.95450210571,46253.83593750000,0.02798013610,-0.12124774061,-0.40958681604
3.00000000000,0.91162000000,1.55556000000,14.30228800000,530.37000000000,0.00226293342,0.00000038023,891.00000000000,4.01638010142,0.02858798689,60.31872177124,46534.82421875000,0.03917209482,-0.08175566471,-0.20504751244
4.00000000000,0.91162000000,1.55556000000,14.30228800000,530.37000000000,0.00226293342,0.00000038023,901.00000000000,5.85556013970,0.02873706819,60.47579574585,46656.00390625000,0.04756299910,-0.04702110542,-0.02410889975
5.00000000000,0.91162000000,1.55556000000,14.30228800000,530.37000000000,0.00226293342,0.00000038023,901.00000000000,7.94530387542,0.02877120406,60.51170349121,46683.70703125000,0.06964811907,-0.02649859131,0.03534874663
6.00000000000,0.91162000000,1.55556000000,14.30228800000,530.37000000000,0.00226293342,0.00000038023,901.00000000000,9.98592373787,0.02835753465,60.07511138916,46346.88281250000,0.10425555628,-0.02517572913,-0.01440882369
7.00000000000,0.91162000000,1.55556000000,14.30228800000,530.37000000000,0.00226293342,0.00000038023,910.00000000000,11.81921502233,0.02900441130,60.75645065308,46872.52343750000,0.12080219530,-0.01348891464,0.00880495068
8.00000000000,0.91162000000,1.55556000000,14.30228800000,530.37000000000,0.00226293342,0.00000038023,910.00000000000,14.23043749564,0.02895834060,60.70817565918,46835.28125000000,0.13779242896,0.01125918693,0.11042601995
9.00000000000,0.91162000000,1.55556000000,14.30228800000,530.37000000000,0.00226293342,0.00000038023,919.00000000000,16.36526353068,0.02901479708,60.76732635498,46880.91406250000,0.15422619113,0.03274452989,0.20186008479
10.00000000000,0.91162000000,1.55556000000,14.30228800000,530.37000000000,0.00226293342,0.00000038023,919.00000000000,18.25498407642,0.02885565228,60.60044479370,46752.16796875000,0.16629758950,0.04861179629,0.27878895978
