AE 460 Experimental Design Lab


Data Point, Corr Factor, Length Scale, AmbPress, AmbTemp, Density, Viscosity, Motor Speed, Angle of Attack, Corrected q, Avg Velocity, Reynolds number, Axial Force,Normal Force, Pitching Mom
#, ND, [in], [psia], [R], [slug/ft3], [slug/ft s], [RPM], [deg], [dpsi], [ft/s], ND, [Lbf], [Lbf], [in-Lbf]

1.00000000000,0.91162000000,1.55556000000,14.31702250000,530.37000000000,0.00226526474,0.00000038023,831.00000000000,0.78452367261,0.02825900480,59.93978500366,46290.12109375000,0.00489380847,-0.15911837755,-0.67791054628
2.00000000000,0.91162000000,1.55556000000,14.31702250000,530.37000000000,0.00226526474,0.00000038023,831.00000000000,1.31976139625,0.02804703178,59.71455764771,46116.18359375000,0.00623259022,-0.13755874734,-0.57025974038
3.00000000000,0.91162000000,1.55556000000,14.31702250000,530.37000000000,0.00226526474,0.00000038023,831.00000000000,2.17388069483,0.02777266085,59.42176055908,45890.06250000000,0.00801437103,-0.11003518648,-0.42083414499
4.00000000000,0.91162000000,1.55556000000,14.31702250000,530.37000000000,0.00226526474,0.00000038023,831.00000000000,3.15744146894,0.02812393756,59.79637145996,46179.36718750000,0.01449043170,-0.08847161981,-0.30093668679
5.00000000000,0.91162000000,1.55556000000,14.31702250000,530.37000000000,0.00226526474,0.00000038023,831.00000000000,4.00601922795,0.02792101442,59.58025360107,46012.46484375000,0.02639061462,-0.07145982225,-0.21562962555
6.00000000000,0.91162000000,1.55556000000,14.31702250000,530.37000000000,0.00226526474,0.00000038023,831.00000000000,4.88387409322,0.02816272573,59.83759307861,46211.19921875000,0.02190883675,-0.05953137591,-0.14814201677
7.00000000000,0.91162000000,1.55556000000,14.31702250000,530.37000000000,0.00226526474,0.00000038023,831.00000000000,5.77839524291,0.02762432808,59.26286315918,45767.35156250000,0.02735466226,-0.05022517393,-0.09629038739
8.00000000000,0.91162000000,1.55556000000,14.31702250000,530.37000000000,0.00226526474,0.00000038023,831.00000000000,6.79181644324,0.02705005319,58.64362716675,45289.12890625000,0.03446617985,-0.02870355000,0.01694375290
9.00000000000,0.91162000000,1.55556000000,14.31702250000,530.37000000000,0.00226526474,0.00000038023,844.00000000000,7.61290872155,0.02790575282,59.56396865845,45999.88671875000,0.04570529586,-0.03036527581,-0.01340163674
10.00000000000,0.91162000000,1.55556000000,14.31702250000,530.37000000000,0.00226526474,0.00000038023,855.00000000000,8.60027496394,0.02836287309,60.04984283447,46375.11718750000,0.05863321817,-0.01307549604,0.05494075146
11.00000000000,0.91162000000,1.55556000000,14.31702250000,530.37000000000,0.00226526474,0.00000038023,855.00000000000,9.51318458075,0.02915153291,60.87899398804,47015.44921875000,0.07816828577,-0.02625068293,-0.06389168738
12.00000000000,0.91162000000,1.55556000000,14.31702250000,530.37000000000,0.00226526474,0.00000038023,855.00000000000,10.55193853338,0.02930287019,61.03681182861,47137.33203125000,0.09465677052,-0.02971305130,-0.09670749719
13.00000000000,0.91162000000,1.55556000000,14.31702250000,530.37000000000,0.00226526474,0.00000038023,855.00000000000,11.33707330309,0.02929061828,61.02405166626,47127.47656250000,0.10260161984,-0.02754201369,-0.10494146802
14.00000000000,0.91162000000,1.55556000000,14.31702250000,530.37000000000,0.00226526474,0.00000038023,855.00000000000,12.53517082319,0.02831837222,60.00271606445,46338.72265625000,0.11655415474,-0.01456876671,-0.04992949908
15.00000000000,0.91162000000,1.55556000000,14.31702250000,530.37000000000,0.00226526474,0.00000038023,855.00000000000,13.54186995548,0.02816215913,59.83699035645,46210.73437500000,0.12460091228,-0.00630305210,-0.02079160617
16.00000000000,0.91162000000,1.55556000000,14.31702250000,530.37000000000,0.00226526474,0.00000038023,855.00000000000,14.60130398934,0.02816285048,59.83772277832,46211.30078125000,0.13199435255,0.00313580992,0.01649444687
17.00000000000,0.91162000000,1.55556000000,14.30228800000,530.37000000000,0.00226293342,0.00000038023,875.00000000000,15.61497518395,0.02918727500,60.94767379761,47020.05078125000,0.14255496670,0.01925681503,0.08085729303
18.00000000000,0.91162000000,1.55556000000,14.30228800000,530.37000000000,0.00226293342,0.00000038023,875.00000000000,16.59017503871,0.02859513947,60.32626724243,46540.64453125000,0.14567925873,0.02528139906,0.10700767596
19.00000000000,0.91162000000,1.55556000000,14.30228800000,530.37000000000,0.00226293342,0.00000038023,875.00000000000,17.46679382123,0.02855355992,60.28239440918,46506.79687500000,0.14859373596,0.03365115745,0.14738876467
20.00000000000,0.91162000000,1.55556000000,14.30228800000,530.37000000000,0.00226293342,0.00000038023,875.00000000000,18.49132587784,0.02841177155,60.13253402710,46391.18359375000,0.15893782085,0.04684685960,0.20842654904
21.00000000000,0.91162000000,1.55556000000,14.30228800000,530.37000000000,0.00226293342,0.00000038023,875.00000000000,19.72036713265,0.02882154239,60.56461715698,46724.52734375000,0.16691229325,0.05959692756,0.27396701662
22.00000000000,0.91162000000,1.55556000000,14.30228800000,530.37000000000,0.00226293342,0.00000038023,875.00000000000,20.51116843906,0.02852658182,60.25391006470,46484.82421875000,0.17206449007,0.06597899662,0.29884156794
23.00000000000,0.91162000000,1.55556000000,14.30228800000,530.37000000000,0.00226293342,0.00000038023,875.00000000000,21.64747570973,0.02791390862,59.60335159302,45982.92968750000,0.17837367453,0.08465840982,0.38306818996
24.00000000000,0.91162000000,1.55556000000,14.30228800000,530.37000000000,0.00226293342,0.00000038023,890.00000000000,22.90832179062,0.02893683609,60.68563079834,46817.88671875000,0.18521301854,0.10319734955,0.47060617076
25.00000000000,0.91162000000,1.55556000000,14.30228800000,530.37000000000,0.00226293342,0.00000038023,890.00000000000,23.63811060754,0.02795194827,59.64395141602,46014.25000000000,0.18946327834,0.11224863287,0.50801831690
26.00000000000,0.91162000000,1.55556000000,14.30228800000,530.37000000000,0.00226293342,0.00000038023,890.00000000000,24.64107371441,0.02852838556,60.25581359863,46486.29296875000,0.19665074674,0.13011677628,0.58723203327
27.00000000000,0.91162000000,1.55556000000,14.30228800000,530.37000000000,0.00226293342,0.00000038023,890.00000000000,26.03631949044,0.02826131795,59.97311019897,46268.19140625000,0.20458760533,0.14442668786,0.65714187384
28.00000000000,0.91162000000,1.55556000000,14.30228800000,530.37000000000,0.00226293342,0.00000038023,890.00000000000,27.17484893237,0.02761910919,59.28778076172,45739.47265625000,0.21358469796,0.14606120543,0.66938712723
29.00000000000,0.91162000000,1.55556000000,14.30228800000,530.37000000000,0.00226293342,0.00000038023,910.00000000000,27.90048506676,0.02853730549,60.26523208618,46493.55859375000,0.21890696162,0.17647815113,0.80625186555
30.00000000000,0.91162000000,1.55556000000,14.30228800000,530.37000000000,0.00226293342,0.00000038023,910.00000000000,28.91310073002,0.02827416764,59.98674011230,46278.70703125000,0.22690308056,0.18126019878,0.82651577345
31.00000000000,0.91162000000,1.55556000000,14.30228800000,530.37000000000,0.00226293342,0.00000038023,925.00000000000,30.65618575014,0.02803245633,59.72978210449,46080.46875000000,0.23666135449,0.20582818453,0.93646907673
32.00000000000,0.91162000000,1.55556000000,14.30228800000,530.37000000000,0.00226293342,0.00000038023,925.00000000000,31.43404290899,0.02778054116,59.46079254150,45872.94921875000,0.23908734159,0.21406686938,0.97490766610
33.00000000000,0.91162000000,1.55556000000,14.30228800000,530.37000000000,0.00226293342,0.00000038023,935.00000000000,32.68195873089,0.02801119613,59.70712661743,46062.98828125000,0.24701715247,0.23397125853,1.06384891753
34.00000000000,0.91162000000,1.55556000000,14.30228800000,530.37000000000,0.00226293342,0.00000038023,935.00000000000,33.49541229552,0.02831782122,60.03303146362,46314.41796875000,0.25259467945,0.25607924794,1.16528480015
35.00000000000,0.91162000000,1.55556000000,14.30228800000,530.37000000000,0.00226293342,0.00000038023,935.00000000000,31.05353774747,0.02897743319,60.72818756104,46850.71875000000,0.24145350822,0.22572533534,1.02792994351
36.00000000000,0.91162000000,1.55556000000,14.30228800000,530.37000000000,0.00226293342,0.00000038023,914.00000000000,28.91472569275,0.02846850353,60.19253921509,46437.47656250000,0.22831583492,0.18886647037,0.86323152490
37.00000000000,0.91162000000,1.55556000000,14.30228800000,530.37000000000,0.00226293342,0.00000038023,900.00000000000,25.54574740901,0.02899420744,60.74576187134,46864.27734375000,0.20337867450,0.14470377768,0.66202873937
38.00000000000,0.91162000000,1.55556000000,14.30228800000,530.37000000000,0.00226293342,0.00000038023,855.00000000000,21.85576259908,0.02819611308,59.90388488770,46214.78515625000,0.17619175524,0.08741328446,0.39441323100
39.00000000000,0.91162000000,1.55556000000,14.30228800000,530.37000000000,0.00226293342,0.00000038023,855.00000000000,17.93186648753,0.02810918017,59.81146621704,46143.48437500000,0.14850451930,0.04138843318,0.18433677839
40.00000000000,0.91162000000,1.55556000000,14.30228800000,530.37000000000,0.00226293342,0.00000038023,855.00000000000,15.33098169770,0.02909905297,60.85549163818,46948.93359375000,0.13227884189,0.01395376515,0.07233392698
41.00000000000,0.91162000000,1.55556000000,14.30228800000,530.37000000000,0.00226293342,0.00000038023,848.00000000000,12.49153293519,0.02848361439,60.20851516724,46449.80078125000,0.12284349358,-0.02415208826,-0.07375587100
42.00000000000,0.91162000000,1.55556000000,14.30228800000,530.37000000000,0.00226293342,0.00000038023,848.00000000000,9.25749600085,0.02813552931,59.83949279785,46165.10937500000,0.08450390269,-0.03530759828,-0.08599860211
43.00000000000,0.91162000000,1.55556000000,14.30228800000,530.37000000000,0.00226293342,0.00000038023,860.00000000000,8.54547066539,0.02917399387,60.93380355835,47009.34765625000,0.07200430262,-0.01234420500,0.07284704261
44.00000000000,0.91162000000,1.55556000000,14.30228800000,530.37000000000,0.00226293342,0.00000038023,860.00000000000,7.59957569403,0.02893522468,60.68394088745,46816.58593750000,0.05994632610,-0.01654004583,0.05901098980
45.00000000000,0.91162000000,1.55556000000,14.30228800000,530.37000000000,0.00226293342,0.00000038023,845.00000000000,6.48489292737,0.02860458440,60.33623123169,46548.33203125000,0.04458070359,-0.02326045300,0.04938980406
46.00000000000,0.91162000000,1.55556000000,14.30228800000,530.37000000000,0.00226293342,0.00000038023,845.00000000000,5.23361607145,0.02891676106,60.66457748413,46801.64453125000,0.03686225317,-0.04859910440,-0.09296348157
47.00000000000,0.91162000000,1.55556000000,14.30228800000,530.37000000000,0.00226293342,0.00000038023,845.00000000000,3.56022389728,0.02919216640,60.95278167725,47023.99218750000,0.03254359369,-0.07569073435,-0.23005958133
48.00000000000,0.91162000000,1.55556000000,14.30228800000,530.37000000000,0.00226293342,0.00000038023,845.00000000000,2.65913345382,0.02867657798,60.41211318970,46606.87500000000,0.02667584844,-0.10008855948,-0.34741067525
49.00000000000,0.91162000000,1.55556000000,14.30228800000,530.37000000000,0.00226293342,0.00000038023,837.00000000000,1.40288448972,0.02869404358,60.43050765991,46621.06640625000,0.02174289645,-0.13242250662,-0.54524730056
50.00000000000,0.91162000000,1.55556000000,14.30228800000,530.37000000000,0.00226293342,0.00000038023,837.00000000000,2.30700264151,0.02867994635,60.41566085815,46609.61328125000,0.01798577799,-0.10791727633,-0.40527906949
