AE 460 Experimental Design Lab


Data Point, Corr Factor, Length Scale, AmbPress, AmbTemp, Density, Viscosity, Motor Speed, Angle of Attack, Corrected q, Avg Velocity, Reynolds number, Axial Force,Normal Force, Pitching Mom
#, ND, [in], [psia], [R], [slug/ft3], [slug/ft s], [RPM], [deg], [dpsi], [ft/s], ND, [Lbf], [Lbf], [in-Lbf]

1.00000000000,0.91162000000,1.55556000000,14.30228800000,530.37000000000,0.00226293342,0.00000038023,882.00000000000,0.01327747324,0.02897271333,60.72323989868,46846.90234375000,0.02114532276,-0.20134362296,-0.86145755241
2.00000000000,0.91162000000,1.55556000000,14.30228800000,530.37000000000,0.00226293342,0.00000038023,882.00000000000,1.41668972863,0.02869936122,60.43610382080,46625.38281250000,0.03093395716,-0.19724829598,-0.83726502511
3.00000000000,0.91162000000,1.55556000000,14.30228800000,530.37000000000,0.00226293342,0.00000038023,882.00000000000,2.94119642879,0.02848294383,60.20780563354,46449.25390625000,0.03710164851,-0.18899730595,-0.80991380090
4.00000000000,0.91162000000,1.55556000000,14.30228800000,530.37000000000,0.00226293342,0.00000038023,882.00000000000,4.46563368610,0.02884656081,60.59089660645,46744.80078125000,0.04914041753,-0.18147683354,-0.78320389439
5.00000000000,0.91162000000,1.55556000000,14.30228800000,530.37000000000,0.00226293342,0.00000038023,882.00000000000,5.93043342238,0.02870732470,60.44448852539,46631.85156250000,0.05988654108,-0.17710381190,-0.75201145117
6.00000000000,0.91162000000,1.55556000000,14.30228800000,530.37000000000,0.00226293342,0.00000038023,882.00000000000,7.59661742855,0.02861785513,60.35022354126,46559.12890625000,0.07424718391,-0.17098350323,-0.72324155767
7.00000000000,0.91162000000,1.55556000000,14.30228800000,530.37000000000,0.00226293342,0.00000038023,882.00000000000,8.88199072465,0.02846838917,60.19242095947,46437.38671875000,0.09134820279,-0.16267946505,-0.68811268443
8.00000000000,0.91162000000,1.55556000000,14.30228800000,530.37000000000,0.00226293342,0.00000038023,882.00000000000,10.58846547336,0.02952374754,61.29796981812,47290.29687500000,0.10657903249,-0.15279001106,-0.65358165656
9.00000000000,0.91162000000,1.55556000000,14.30228800000,530.37000000000,0.00226293342,0.00000038023,882.00000000000,12.99531304702,0.02908435276,60.84011840820,46937.07421875000,0.12637826877,-0.14293965406,-0.60517099757
10.00000000000,0.91162000000,1.55556000000,14.30228800000,530.37000000000,0.00226293342,0.00000038023,893.00000000000,14.26742275845,0.02868350704,60.41941070557,46612.50390625000,0.12839883515,-0.13706953434,-0.58030084435
11.00000000000,0.91162000000,1.55556000000,14.30228800000,530.37000000000,0.00226293342,0.00000038023,893.00000000000,16.03728494218,0.02861010477,60.34205245972,46552.82421875000,0.14253084565,-0.12909629847,-0.54130760642
12.00000000000,0.91162000000,1.55556000000,14.30228800000,530.37000000000,0.00226293342,0.00000038023,893.00000000000,17.54344484092,0.02913825179,60.89646911621,46980.54687500000,0.15108153590,-0.12034058753,-0.50630388308
13.00000000000,0.91162000000,1.55556000000,14.30228800000,530.37000000000,0.00226293342,0.00000038023,893.00000000000,19.13560276719,0.02872501381,60.46310806274,46646.21484375000,0.16204852086,-0.11089159182,-0.46127554601
14.00000000000,0.91162000000,1.55556000000,14.30228800000,530.37000000000,0.00226293342,0.00000038023,893.00000000000,20.48946060362,0.02913694707,60.89510345459,46979.49218750000,0.17219251169,-0.10376245610,-0.43046371362
