AE 460 Experimental Design Lab


Data Point, Corr Factor, Length Scale, AmbPress, AmbTemp, Density, Viscosity, Motor Speed, Angle of Attack, Corrected q, Avg Velocity, Reynolds number, Axial Force,Normal Force, Pitching Mom
#, ND, [in], [psia], [R], [slug/ft3], [slug/ft s], [RPM], [deg], [dpsi], [ft/s], ND, [Lbf], [Lbf], [in-Lbf]

1.00000000000,0.91162000000,1.55556000000,14.30228800000,530.37000000000,0.00226293342,0.00000038023,1456.00000000000,0.01145807053,0.09391796440,109.32882690430,84345.25000000000,0.05731565046,-0.12123222279,-0.51822786294
2.00000000000,0.91162000000,1.55556000000,14.30228800000,530.37000000000,0.00226293342,0.00000038023,1456.00000000000,1.89852589933,0.09435422993,109.58245849609,84540.92187500000,0.06020611301,0.10629244625,0.70280846584
3.00000000000,0.91162000000,1.55556000000,14.30228800000,530.37000000000,0.00226293342,0.00000038023,1470.00000000000,3.95420097202,0.09447204990,109.65085601807,84593.69531250000,0.04954066945,0.26534435992,1.55143743853
4.00000000000,0.91162000000,1.55556000000,14.30228800000,530.37000000000,0.00226293342,0.00000038023,1506.00000000000,6.09859623202,0.09175573457,108.06298828125,83368.67968750000,0.04612571246,0.38572446088,2.19752297770
5.00000000000,0.91162000000,1.55556000000,14.30228800000,530.37000000000,0.00226293342,0.00000038023,1520.00000000000,7.79457122156,0.09371341945,109.20970916748,84253.35156250000,0.05679189340,0.46257349907,2.53732385252
6.00000000000,0.91162000000,1.55556000000,14.30228800000,530.37000000000,0.00226293342,0.00000038023,1520.00000000000,9.91586978909,0.09364557395,109.17016601563,84222.85156250000,0.10094831443,0.49010784804,2.50881299142
7.00000000000,0.91162000000,1.55556000000,14.30228800000,530.37000000000,0.00226293342,0.00000038023,1552.00000000000,11.91690722608,0.09701836680,111.11874389648,85726.14062500000,0.17412389686,0.53144839907,2.55677564792
8.00000000000,0.91162000000,1.55556000000,14.30228800000,530.37000000000,0.00226293342,0.00000038023,1552.00000000000,14.00358158776,0.09395208988,109.34868621826,84360.57031250000,0.20667733714,0.50891832488,2.35056191734
9.00000000000,0.91162000000,1.55556000000,14.30228800000,530.37000000000,0.00226293342,0.00000038023,1575.00000000000,16.22460009031,0.09471802884,109.79351043701,84703.75000000000,0.21996988994,0.58194657761,2.64134830001
10.00000000000,0.91162000000,1.55556000000,14.30228800000,530.37000000000,0.00226293342,0.00000038023,1575.00000000000,17.93404699307,0.09395013020,109.34754943848,84359.69531250000,0.23123277957,0.65498548955,2.96261216381
11.00000000000,0.91162000000,1.55556000000,14.30228800000,530.37000000000,0.00226293342,0.00000038023,1575.00000000000,19.47891433735,0.09387617174,109.30449676514,84326.48437500000,0.23910033093,0.69824478715,3.16427227795
12.00000000000,0.91162000000,1.55556000000,14.30228800000,530.37000000000,0.00226293342,0.00000038023,1552.00000000000,13.09321357932,0.09450181418,109.66812896729,84607.01562500000,0.19693844797,0.51314831483,2.41244287648
