Hotwire Calibration File

q Corr Factor,  0.910


Atm Press [Pa],  98610.000

Atm Temp [C],  21.000

Density [kg/m^3],  1.169



a0+(a1)X+(a2)X^2+(a3)X^3+(a4)X^4

a0,    a1,    a2,    a3,    a4
171.153,  -449.330,  447.766,  -204.402,  37.016


Pitot/static Probe Velocity [m/s], Hotwire Ev [Volts]
0.201,  1.264
0.233,  1.237
0.594,  1.312
0.860,  1.370
1.006,  1.396
1.181,  1.411
1.235,  1.421
1.463,  1.443
1.807,  1.472
2.213,  1.504
2.798,  1.543
3.053,  1.559
3.227,  1.568
3.347,  1.575
3.544,  1.586
3.906,  1.604
4.390,  1.626
4.914,  1.649
5.134,  1.658
5.263,  1.663
5.544,  1.674
5.915,  1.688
6.407,  1.705
6.989,  1.724
7.268,  1.733
7.480,  1.739
7.706,  1.746
8.100,  1.757
8.562,  1.770
9.182,  1.787
9.391,  1.793
9.526,  1.797
9.778,  1.803
10.148,  1.812
10.677,  1.825
11.170,  1.836
11.405,  1.841
11.596,  1.845
11.856,  1.851
12.309,  1.860
12.911,  1.873
13.528,  1.885
13.808,  1.891
13.955,  1.894
14.153,  1.897
14.517,  1.904
15.050,  1.914
15.634,  1.925
15.769,  1.927
16.021,  1.932
16.230,  1.935
16.739,  1.944
17.320,  1.954
18.171,  1.968
18.611,  1.975
18.637,  1.975
18.861,  1.977
19.237,  1.981
19.772,  1.989
20.196,  1.996
20.332,  1.997
20.438,  1.998
20.534,  1.998
20.678,  2.000
20.704,  2.000
20.811,  2.002
20.850,  2.002
20.913,  2.004
21.048,  2.005
21.060,  2.005
21.190,  2.006
21.289,  2.008
21.320,  2.009
21.468,  2.010
21.476,  2.011
