Velocity Profile of Model Wake

q Corr Factor,  0.910

Atm Press [Pa],  98610.000

Atm Temp [C],  21.500

Density [kg/m^3],  1.167

Average Tunnel Velocity [m/s],  20.302

Streamwise location [mm],238.100


Lateral Position [mm], Pitot/Static Vel [m/s], Pitot/Static Vel Stdev [m/s], Hot Wire Vel [m/s], Hot Wire Vel Stdev [m/s]
-60.000,  18.156,  0.148,  18.905,  0.474
-58.000,  18.249,  0.165,  19.058,  0.540
-56.000,  18.165,  0.185,  18.947,  0.574
-54.000,  18.180,  0.219,  19.120,  0.665
-52.000,  18.194,  0.257,  19.043,  0.740
-50.000,  18.100,  0.299,  19.049,  0.872
-48.000,  18.184,  0.310,  19.126,  0.990
-46.000,  18.087,  0.352,  19.072,  1.003
-44.000,  18.108,  0.384,  18.975,  1.220
-42.000,  17.979,  0.414,  18.973,  1.288
-40.000,  17.964,  0.508,  18.937,  1.457
-38.000,  17.882,  0.518,  18.908,  1.581
-36.000,  17.875,  0.560,  18.863,  1.727
-34.000,  17.819,  0.574,  18.812,  1.807
-32.000,  17.781,  0.619,  18.732,  1.924
-30.000,  17.712,  0.690,  18.688,  2.058
-28.000,  17.739,  0.701,  18.702,  2.211
-26.000,  17.497,  0.740,  18.551,  2.277
-24.000,  17.561,  0.817,  18.525,  2.468
-22.000,  17.306,  0.817,  18.403,  2.542
-20.000,  17.299,  0.866,  18.348,  2.658
-18.000,  17.134,  0.933,  18.082,  2.828
-16.000,  16.776,  1.034,  17.830,  2.946
-14.000,  16.659,  1.016,  17.689,  3.085
-12.000,  16.238,  1.169,  17.428,  3.138
-10.000,  16.138,  1.185,  17.247,  3.167
-8.000,  15.768,  1.362,  17.136,  3.302
-6.000,  15.349,  1.398,  16.748,  3.353
-4.000,  15.122,  1.438,  16.553,  3.437
-2.000,  15.048,  1.644,  16.558,  3.364
0.000,  14.902,  1.621,  16.021,  3.405
2.000,  14.733,  1.628,  16.027,  3.463
4.000,  14.594,  1.725,  15.708,  3.473
6.000,  14.538,  1.781,  15.922,  3.486
8.000,  14.660,  1.653,  16.042,  3.463
10.000,  14.997,  1.530,  15.995,  3.498
12.000,  15.119,  1.602,  16.059,  3.512
14.000,  15.432,  1.471,  16.438,  3.484
16.000,  15.784,  1.370,  16.770,  3.338
18.000,  16.226,  1.238,  17.096,  3.306
20.000,  16.438,  1.182,  17.244,  3.235
22.000,  16.627,  1.120,  17.735,  3.244
24.000,  16.798,  1.076,  17.948,  3.175
26.000,  17.092,  1.024,  18.233,  3.004
28.000,  17.365,  0.896,  18.535,  2.918
30.000,  17.492,  0.888,  18.758,  2.751
32.000,  17.571,  0.811,  18.828,  2.781
34.000,  17.741,  0.754,  19.125,  2.577
36.000,  17.821,  0.751,  19.299,  2.422
38.000,  17.895,  0.679,  19.311,  2.364
40.000,  17.997,  0.690,  19.492,  2.190
42.000,  18.117,  0.585,  19.510,  2.110
44.000,  18.103,  0.611,  19.550,  1.964
46.000,  18.174,  0.553,  19.742,  1.784
48.000,  18.322,  0.483,  19.867,  1.724
50.000,  18.310,  0.475,  19.824,  1.611
52.000,  18.460,  0.391,  20.000,  1.452
54.000,  18.421,  0.368,  20.034,  1.325
56.000,  18.461,  0.341,  20.147,  1.203
58.000,  18.546,  0.286,  20.193,  1.086
60.000,  18.548,  0.249,  20.165,  0.985
