Velocity Profile of Model Wake

q Corr Factor,  0.910

Atm Press [Pa],  98610.000

Atm Temp [C],  21.000

Density [kg/m^3],  1.169

Average Tunnel Velocity [m/s],  20.234

Streamwise location [mm],104.800


Lateral Position [mm], Pitot/Static Vel [m/s], Pitot/Static Vel Stdev [m/s], Hot Wire Vel [m/s], Hot Wire Vel Stdev [m/s]
-60.000,  18.019,  0.106,  17.917,  0.262
-58.000,  17.985,  0.117,  17.813,  0.313
-56.000,  17.971,  0.110,  17.776,  0.313
-54.000,  17.975,  0.124,  17.753,  0.338
-52.000,  18.010,  0.114,  17.826,  0.349
-50.000,  18.065,  0.124,  17.841,  0.410
-48.000,  18.070,  0.142,  17.840,  0.458
-46.000,  18.061,  0.167,  17.858,  0.542
-44.000,  18.023,  0.199,  17.904,  0.649
-42.000,  18.158,  0.226,  18.098,  0.771
-40.000,  18.082,  0.241,  18.040,  0.931
-38.000,  18.119,  0.292,  18.001,  1.090
-36.000,  18.050,  0.405,  17.983,  1.293
-34.000,  18.040,  0.493,  17.940,  1.593
-32.000,  18.031,  0.530,  17.913,  1.850
-30.000,  17.931,  0.677,  17.939,  2.001
-28.000,  17.809,  0.713,  17.717,  2.213
-26.000,  17.744,  0.807,  17.655,  2.465
-24.000,  17.619,  0.857,  17.586,  2.761
-22.000,  17.517,  0.905,  17.582,  2.947
-20.000,  17.428,  0.933,  17.426,  3.197
-18.000,  17.210,  1.025,  17.261,  3.395
-16.000,  17.046,  1.065,  17.259,  3.727
-14.000,  16.762,  1.128,  16.977,  3.965
-12.000,  16.489,  1.222,  16.947,  4.214
-10.000,  15.926,  1.377,  16.813,  4.316
-8.000,  15.465,  1.556,  16.440,  4.599
-6.000,  14.939,  1.704,  16.236,  4.550
-4.000,  14.322,  2.136,  15.870,  4.577
-2.000,  13.642,  2.204,  15.611,  4.476
0.000,  13.385,  2.398,  15.781,  4.472
2.000,  13.299,  2.483,  15.566,  4.395
4.000,  13.238,  2.544,  15.539,  4.373
6.000,  13.724,  2.298,  15.338,  4.477
8.000,  14.365,  2.079,  15.729,  4.552
10.000,  14.585,  1.795,  15.887,  4.532
12.000,  15.329,  1.593,  16.175,  4.554
14.000,  16.092,  1.397,  16.476,  4.599
16.000,  16.347,  1.314,  16.870,  4.585
18.000,  16.811,  1.162,  16.910,  4.472
20.000,  17.020,  1.103,  17.405,  4.148
22.000,  17.384,  0.991,  17.584,  3.976
24.000,  17.495,  0.975,  17.776,  3.627
26.000,  17.769,  0.902,  18.075,  3.518
28.000,  17.919,  0.884,  18.167,  3.225
30.000,  17.830,  0.832,  18.258,  3.047
32.000,  18.101,  0.711,  18.443,  2.724
34.000,  18.186,  0.701,  18.573,  2.459
36.000,  18.235,  0.601,  18.645,  2.282
38.000,  18.303,  0.479,  18.760,  2.038
40.000,  18.406,  0.415,  18.825,  1.824
42.000,  18.472,  0.331,  18.911,  1.573
44.000,  18.388,  0.293,  18.939,  1.312
46.000,  18.399,  0.233,  18.963,  1.120
48.000,  18.405,  0.202,  18.976,  0.903
50.000,  18.411,  0.172,  19.104,  0.755
52.000,  18.433,  0.152,  19.093,  0.699
54.000,  18.425,  0.135,  19.152,  0.587
56.000,  18.448,  0.118,  19.253,  0.480
58.000,  18.459,  0.107,  19.287,  0.402
60.000,  18.449,  0.110,  19.286,  0.348
