Velocity Profile of Model Wake

q Corr Factor,  0.910

Atm Press [Pa],  98610.000

Atm Temp [C],  21.000

Density [kg/m^3],  1.169

Average Tunnel Velocity [m/s],  20.306

Streamwise location [mm],66.700


Lateral Position [mm], Pitot/Static Vel [m/s], Pitot/Static Vel Stdev [m/s], Hot Wire Vel [m/s], Hot Wire Vel Stdev [m/s]
-60.000,  18.085,  0.115,  19.798,  0.285
-58.000,  18.152,  0.097,  19.953,  0.277
-56.000,  18.127,  0.126,  19.946,  0.297
-54.000,  18.147,  0.107,  19.906,  0.320
-52.000,  18.154,  0.114,  19.980,  0.348
-50.000,  18.156,  0.115,  19.902,  0.396
-48.000,  18.115,  0.131,  19.869,  0.445
-46.000,  18.129,  0.146,  19.843,  0.509
-44.000,  18.106,  0.135,  19.878,  0.566
-42.000,  18.167,  0.156,  19.918,  0.670
-40.000,  18.105,  0.162,  19.907,  0.750
-38.000,  18.146,  0.197,  19.899,  0.896
-36.000,  18.211,  0.213,  19.958,  1.046
-34.000,  18.201,  0.252,  19.846,  1.214
-32.000,  18.233,  0.349,  19.980,  1.470
-30.000,  18.286,  0.428,  19.989,  1.819
-28.000,  18.172,  0.560,  19.846,  2.194
-26.000,  18.218,  0.646,  19.724,  2.563
-24.000,  18.098,  0.862,  19.806,  2.941
-22.000,  17.798,  0.984,  19.516,  3.413
-20.000,  17.667,  1.064,  19.621,  3.777
-18.000,  17.398,  1.132,  19.424,  4.122
-16.000,  17.151,  1.240,  19.128,  4.584
-14.000,  16.780,  1.218,  19.009,  4.944
-12.000,  16.339,  1.409,  18.739,  5.180
-10.000,  15.582,  1.401,  18.537,  5.467
-8.000,  14.936,  1.617,  18.439,  5.660
-6.000,  13.900,  1.841,  18.019,  5.730
-4.000,  13.108,  2.203,  17.706,  5.783
-2.000,  12.176,  2.631,  17.692,  5.406
0.000,  11.496,  3.199,  17.547,  5.235
2.000,  11.625,  3.168,  17.540,  5.059
4.000,  11.731,  3.048,  17.568,  5.041
6.000,  12.372,  2.569,  17.849,  5.288
8.000,  13.763,  1.963,  17.599,  5.537
10.000,  14.580,  1.721,  17.811,  5.761
12.000,  15.441,  1.541,  18.255,  5.682
14.000,  16.196,  1.398,  18.522,  5.799
16.000,  16.732,  1.272,  18.681,  5.579
18.000,  17.039,  1.260,  18.960,  5.197
20.000,  17.438,  1.223,  19.238,  4.898
22.000,  17.627,  1.176,  19.435,  4.433
24.000,  17.921,  1.067,  19.634,  4.188
26.000,  18.122,  0.930,  19.870,  3.688
28.000,  18.287,  0.755,  19.995,  3.276
30.000,  18.387,  0.646,  20.238,  2.870
32.000,  18.467,  0.527,  20.310,  2.527
34.000,  18.486,  0.364,  20.336,  2.197
36.000,  18.457,  0.328,  20.363,  1.791
38.000,  18.422,  0.241,  20.378,  1.498
40.000,  18.551,  0.221,  20.552,  1.214
42.000,  18.409,  0.194,  20.366,  1.074
44.000,  18.463,  0.171,  20.537,  0.879
46.000,  18.429,  0.156,  20.442,  0.772
48.000,  18.441,  0.148,  20.568,  0.689
50.000,  18.426,  0.130,  20.550,  0.605
52.000,  18.476,  0.122,  20.565,  0.493
54.000,  18.405,  0.115,  20.498,  0.439
56.000,  18.545,  0.112,  20.678,  0.395
58.000,  18.537,  0.113,  20.637,  0.338
60.000,  18.597,  0.100,  20.769,  0.306
